NoesyOffset
1, -750, 201458.7633, 706.487503
2, -561, 199505.6383, 699.638169
3, -568, 197552.5133, 692.788835
4, -733, 195599.3883, 685.939501
5, -916, 193646.2633, 679.090166
6, -1028, 191693.1383, 672.240832
7, -1063, 189740.0133, 665.391498
8, -1036, 187786.8883, 658.542164
9, -979, 185833.7633, 651.692829
10, -947, 183880.6383, 644.843495
11, -982, 181927.5133, 637.994161
12, -1064, 179974.3883, 631.144827
13, -1127, 178021.2633, 624.295492
14, -1128, 176068.1383, 617.446158
15, -1072, 174115.0133, 610.596824
16, -995, 172161.8883, 603.747490
17, -943, 170208.7633, 596.898155
18, -960, 168255.6383, 590.048821
19, -1042, 166302.5133, 583.199487
20, -1099, 164349.3883, 576.350153
21, -1040, 162396.2633, 569.500819
22, -902, 160443.1383, 562.651484
23, -846, 158490.0133, 555.802150
24, -964, 156536.8883, 548.952816
25, -1136, 154583.7633, 542.103482
26, -1154, 152630.6383, 535.254147
27, -978, 150677.5133, 528.404813
28, -790, 148724.3883, 521.555479
29, -797, 146771.2633, 514.706145
30, -1011, 144818.1383, 507.856810
31, -1277, 142865.0133, 501.007476
32, -1448, 140911.8883, 494.158142
33, -1498, 138958.7633, 487.308808
34, -1475, 137005.6383, 480.459473
35, -1415, 135052.5133, 473.610139
36, -1319, 133099.3883, 466.760805
37, -1199, 131146.2633, 459.911471
38, -1118, 129193.1383, 453.062137
39, -1167, 127240.0133, 446.212802
40, -1375, 125286.8883, 439.363468
41, -1635, 123333.7633, 432.514134
42, -1746, 121380.6383, 425.664800
43, -1560, 119427.5133, 418.815465
44, -1120, 117474.3883, 411.966131
45, -644, 115521.2633, 405.116797
46, -369, 113568.1383, 398.267463
47, -384, 111615.0133, 391.418128
48, -575, 109661.8883, 384.568794
49, -720, 107708.7633, 377.719460
50, -661, 105755.6383, 370.870126
51, -453, 103802.5133, 364.020791
52, -341, 101849.3883, 357.171457
53, -512, 99896.2633, 350.322123
54, -859, 97943.1383, 343.472789
55, -1049, 95990.0133, 336.623454
56, -864, 94036.8883, 329.774120
57, -455, 92083.7633, 322.924786
58, -181, 90130.6383, 316.075452
59, -233, 88177.5133, 309.226118
60, -489, 86224.3883, 302.376783
61, -708, 84271.2633, 295.527449
62, -777, 82318.1383, 288.678115
63, -701, 80365.0133, 281.828781
64, -489, 78411.8883, 274.979446
65, -134, 76458.7633, 268.130112
66, 296, 74505.6383, 261.280778
67, 664, 72552.5133, 254.431444
68, 902, 70599.3883, 247.582109
69, 1091, 68646.2633, 240.732775
70, 1354, 66693.1383, 233.883441
71, 1714, 64740.0133, 227.034107
72, 2069, 62786.8883, 220.184772
73, 2295, 60833.7633, 213.335438
74, 2354, 58880.6383, 206.486104
75, 2341, 56927.5133, 199.636770
76, 2417, 54974.3883, 192.787436
77, 2669, 53021.2633, 185.938101
78, 3017, 51068.1383, 179.088767
79, 3309, 49115.0133, 172.239433
80, 3550, 47161.8883, 165.390099
81, 3954, 45208.7633, 158.540764
82, 4689, 43255.6383, 151.691430
83, 5614, 41302.5133, 144.842096
84, 6404, 39349.3883, 137.992762
85, 6952, 37396.2633, 131.143427
86, 7506, 35443.1383, 124.294093
87, 8357, 33490.0133, 117.444759
88, 9481, 31536.8883, 110.595425
89, 10627, 29583.7633, 103.746090
90, 11698, 27630.6383, 96.896756
91, 12857, 25677.5133, 90.047422
92, 14242, 23724.3883, 83.198088
93, 15738, 21771.2633, 76.348753
94, 17133, 19818.1383, 69.499419
95, 18423, 17865.0133, 62.650085
96, 19805, 15911.8883, 55.800751
97, 21387, 13958.7633, 48.951417
98, 23021, 12005.6383, 42.102082
99, 24443, 10052.5133, 35.252748
100, 25508, 8099.3883, 28.403414
101, 26227, 6146.2633, 21.554080
102, 26652, 4193.1383, 14.704745
103, 26807, 2240.0133, 7.855411
104, 26700, 286.8883, 1.006077
105, 26340, -1666.2367, -5.843257
106, 25724, -3619.3617, -12.692592
107, 24847, -5572.4867, -19.541926
108, 23738, -7525.6117, -26.391260
109, 22462, -9478.7367, -33.240594
110, 21082, -11431.8617, -40.089929
111, 19643, -13384.9867, -46.939263
112, 18190, -15338.1117, -53.788597
113, 16774, -17291.2367, -60.637931
114, 15423, -19244.3617, -67.487265
115, 14128, -21197.4867, -74.336600
116, 12870, -23150.6117, -81.185934
117, 11657, -25103.7367, -88.035268
118, 10509, -27056.8617, -94.884602
119, 9442, -29009.9867, -101.733937
120, 8471, -30963.1117, -108.583271
121, 7616, -32916.2367, -115.432605
122, 6873, -34869.3617, -122.281939
123, 6189, -36822.4867, -129.131274
124, 5505, -38775.6117, -135.980608
125, 4820, -40728.7367, -142.829942
126, 4188, -42681.8617, -149.679276
127, 3662, -44634.9867, -156.528611
128, 3253, -46588.1117, -163.377945
129, 2942, -48541.2367, -170.227279
130, 2700, -50494.3617, -177.076613
131, 2468, -52447.4867, -183.925948
132, 2185, -54400.6117, -190.775282
133, 1848, -56353.7367, -197.624616
134, 1536, -58306.8617, -204.473950
135, 1302, -60259.9867, -211.323284
136, 1102, -62213.1117, -218.172619
137, 868, -64166.2367, -225.021953
138, 657, -66119.3617, -231.871287
139, 620, -68072.4867, -238.720621
140, 780, -70025.6117, -245.569956
141, 909, -71978.7367, -252.419290
142, 734, -73931.8617, -259.268624
143, 254, -75884.9867, -266.117958
144, -223, -77838.1117, -272.967293
145, -410, -79791.2367, -279.816627
146, -330, -81744.3617, -286.665961
147, -246, -83697.4867, -293.515295
148, -340, -85650.6117, -300.364630
149, -547, -87603.7367, -307.213964
150, -706, -89556.8617, -314.063298
151, -785, -91509.9867, -320.912632
152, -872, -93463.1117, -327.761966
153, -1005, -95416.2367, -334.611301
154, -1098, -97369.3617, -341.460635
155, -1062, -99322.4867, -348.309969
156, -940, -101275.6117, -355.159303
157, -864, -103228.7367, -362.008638
158, -895, -105181.8617, -368.857972
159, -975, -107134.9867, -375.707306
160, -1028, -109088.1117, -382.556640
161, -1067, -111041.2367, -389.405975
162, -1141, -112994.3617, -396.255309
163, -1224, -114947.4867, -403.104643
164, -1220, -116900.6117, -409.953977
165, -1098, -118853.7367, -416.803312
166, -956, -120806.8617, -423.652646
167, -928, -122759.9867, -430.501980
168, -1030, -124713.1117, -437.351314
169, -1143, -126666.2367, -444.200649
170, -1152, -128619.3617, -451.049983
171, -1065, -130572.4867, -457.899317
172, -982, -132525.6117, -464.748651
173, -979, -134478.7367, -471.597985
174, -1042, -136431.8617, -478.447320
175, -1096, -138384.9867, -485.296654
176, -1087, -140338.1117, -492.145988
177, -1029, -142291.2367, -498.995322
178, -999, -144244.3617, -505.844657
179, -1074, -146197.4867, -512.693991
180, -1244, -148150.6117, -519.543325
181, -1396, -150103.7367, -526.392659
182, -1403, -152056.8617, -533.241994
183, -1247, -154009.9867, -540.091328
184, -1048, -155963.1117, -546.940662
185, -954, -157916.2367, -553.789996
186, -1009, -159869.3617, -560.639331
187, -1135, -161822.4867, -567.488665
188, -1235, -163775.6117, -574.337999
189, -1296, -165728.7367, -581.187333
190, -1391, -167681.8617, -588.036668
191, -1584, -169634.9867, -594.886002
192, -1838, -171588.1117, -601.735336
193, -2019, -173541.2367, -608.584670
194, -2016, -175494.3617, -615.434004
195, -1852, -177447.4867, -622.283339
196, -1665, -179400.6117, -629.132673
197, -1565, -181353.7367, -635.982007
198, -1536, -183306.8617, -642.831341
199, -1499, -185259.9867, -649.680676
200, -1454, -187213.1117, -656.530010
201, -1464, -189166.2367, -663.379344
202, -1519, -191119.3617, -670.228678
203, -1485, -193072.4867, -677.078013
204, -1287, -195025.6117, -683.927347
205, -1068, -196978.7367, -690.776681
206, -1063, -198931.8617, -697.626015
207, -1299, -200884.9867, -704.475350
208, -1527, -202838.1117, -711.324684
209, -1510, -204791.2367, -718.174018
210, -1291, -206744.3617, -725.023352
211, -1108, -208697.4867, -731.872686
212, -1096, -210650.6117, -738.722021
213, -1199, -212603.7367, -745.571355
214, -1347, -214556.8617, -752.420689
215, -1566, -216509.9867, -759.270023
216, -1851, -218463.1117, -766.119358
217, -2052, -220416.2367, -772.968692
218, -2044, -222369.3617, -779.818026
219, -1932, -224322.4867, -786.667360
220, -1953, -226275.6117, -793.516695
221, -2143, -228228.7367, -800.366029
222, -2254, -230181.8617, -807.215363
223, -2075, -232134.9867, -814.064697
224, -1728, -234088.1117, -820.914032
225, -1528, -236041.2367, -827.763366
226, -1601, -237994.3617, -834.612700
227, -1785, -239947.4867, -841.462034
228, -1878, -241900.6117, -848.311369
229, -1863, -243853.7367, -855.160703
230, -1817, -245806.8617, -862.010037
231, -1751, -247759.9867, -868.859371
232, -1628, -249713.1117, -875.708705
233, -1491, -251666.2367, -882.558040
234, -1429, -253619.3617, -889.407374
235, -1432, -255572.4867, -896.256708
236, -1403, -257525.6117, -903.106042
237, -1320, -259478.7367, -909.955377
238, -1285, -261431.8617, -916.804711
239, -1365, -263384.9867, -923.654045
240, -1470, -265338.1117, -930.503379
241, -1499, -267291.2367, -937.352714
242, -1522, -269244.3617, -944.202048
243, -1679, -271197.4867, -951.051382
244, -1926, -273150.6117, -957.900716
245, -2014, -275103.7367, -964.750051
246, -1781, -277056.8617, -971.599385
247, -1360, -279009.9867, -978.448719
248, -1006, -280963.1117, -985.298053
249, -820, -282916.2367, -992.147387
250, -736, -284869.3617, -998.996722
251, -735, -286822.4867, -1005.846056
252, -901, -288775.6117, -1012.695390
253, -1226, -290728.7367, -1019.544724
254, -1502, -292681.8617, -1026.394059
255, -1511, -294634.9867, -1033.243393
256, -1260, -296588.1117, -1040.092727
257, -943, -298541.2367, -1046.942061
258, -713, -300494.3617, -1053.791396
259, -594, -302447.4867, -1060.640730
260, -591, -304400.6117, -1067.490064
261, -750, -306353.7367, -1074.339398
262, -1066, -308306.8617, -1081.188733
263, -1416, -310259.9867, -1088.038067
264, -1676, -312213.1117, -1094.887401
265, -1841, -314166.2367, -1101.736735
266, -1945, -316119.3617, -1108.586070
267, -1929, -318072.4867, -1115.435404
268, -1721, -320025.6117, -1122.284738
269, -1437, -321978.7367, -1129.134072
270, -1354, -323931.8617, -1135.983406
271, -1576, -325884.9867, -1142.832741
272, -1843, -327838.1117, -1149.682075
273, -1803, -329791.2367, -1156.531409
274, -1449, -331744.3617, -1163.380743
275, -1133, -333697.4867, -1170.230078
276, -1132, -335650.6117, -1177.079412
277, -1345, -337603.7367, -1183.928746
278, -1502, -339556.8617, -1190.778080
279, -1544, -341509.9867, -1197.627415
280, -1642, -343463.1117, -1204.476749
281, -1843, -345416.2367, -1211.326083
282, -1916, -347369.3617, -1218.175417
283, -1651, -349322.4867, -1225.024752
284, -1189, -351275.6117, -1231.874086
285, -904, -353228.7367, -1238.723420
286, -970, -355181.8617, -1245.572754
287, -1184, -357134.9867, -1252.422088
288, -1237, -359088.1117, -1259.271423
289, -1075, -361041.2367, -1266.120757
290, -900, -362994.3617, -1272.970091
291, -901, -364947.4867, -1279.819425
292, -1096, -366900.6117, -1286.668760
293, -1397, -368853.7367, -1293.518094
294, -1717, -370806.8617, -1300.367428
295, -1952, -372759.9867, -1307.216762
296, -1982, -374713.1117, -1314.066097
297, -1768, -376666.2367, -1320.915431
298, -1455, -378619.3617, -1327.764765
299, -1272, -380572.4867, -1334.614099
300, -1310, -382525.6117, -1341.463434
301, -1453, -384478.7367, -1348.312768
302, -1521, -386431.8617, -1355.162102
303, -1465, -388384.9867, -1362.011436
304, -1371, -390338.1117, -1368.860771
305, -1326, -392291.2367, -1375.710105
306, -1325, -394244.3617, -1382.559439
307, -1305, -396197.4867, -1389.408773
308, -1237, -398150.6117, -1396.258107
309, -1168, -400103.7367, -1403.107442
310, -1194, -402056.8617, -1409.956776
311, -1373, -404009.9867, -1416.806110
312, -1650, -405963.1117, -1423.655444
313, -1867, -407916.2367, -1430.504779
314, -1885, -409869.3617, -1437.354113
315, -1698, -411822.4867, -1444.203447
316, -1414, -413775.6117, -1451.052781
317, -1158, -415728.7367, -1457.902116
318, -1015, -417681.8617, -1464.751450
319, -1050, -419634.9867, -1471.600784
320, -1288, -421588.1117, -1478.450118
321, -1627, -423541.2367, -1485.299453
322, -1837, -425494.3617, -1492.148787
323, -1751, -427447.4867, -1498.998121
324, -1448, -429400.6117, -1505.847455
325, -1167, -431353.7367, -1512.696789
326, -1046, -433306.8617, -1519.546124
327, -1027, -435259.9867, -1526.395458
328, -1034, -437213.1117, -1533.244792
329, -1129, -439166.2367, -1540.094126
330, -1382, -441119.3617, -1546.943461
331, -1668, -443072.4867, -1553.792795
332, -1733, -445025.6117, -1560.642129
333, -1498, -446978.7367, -1567.491463
334, -1187, -448931.8617, -1574.340798
335, -1071, -450884.9867, -1581.190132
336, -1172, -452838.1117, -1588.039466
337, -1284, -454791.2367, -1594.888800
338, -1231, -456744.3617, -1601.738135
339, -1028, -458697.4867, -1608.587469
340, -788, -460650.6117, -1615.436803
341, -599, -462603.7367, -1622.286137
342, -499, -464556.8617, -1629.135472
343, -502, -466509.9867, -1635.984806
344, -570, -468463.1117, -1642.834140
345, -634, -470416.2367, -1649.683474
346, -679, -472369.3617, -1656.532808
347, -779, -474322.4867, -1663.382143
348, -979, -476275.6117, -1670.231477
349, -1182, -478228.7367, -1677.080811
350, -1229, -480181.8617, -1683.930145
351, -1111, -482134.9867, -1690.779480
352, -1008, -484088.1117, -1697.628814
353, -1074, -486041.2367, -1704.478148
354, -1247, -487994.3617, -1711.327482
355, -1319, -489947.4867, -1718.176817
356, -1181, -491900.6117, -1725.026151
357, -943, -493853.7367, -1731.875485
358, -807, -495806.8617, -1738.724819
359, -866, -497759.9867, -1745.574154
360, -1022, -499713.1117, -1752.423488
361, -1092, -501666.2367, -1759.272822
362, -980, -503619.3617, -1766.122156
363, -760, -505572.4867, -1772.971491
364, -600, -507525.6117, -1779.820825
365, -589, -509478.7367, -1786.670159
366, -677, -511431.8617, -1793.519493
367, -781, -513384.9867, -1800.368827
368, -908, -515338.1117, -1807.218162
369, -1101, -517291.2367, -1814.067496
370, -1303, -519244.3617, -1820.916830
371, -1391, -521197.4867, -1827.766164
372, -1371, -523150.6117, -1834.615499
373, -1433, -525103.7367, -1841.464833
374, -1695, -527056.8617, -1848.314167
375, -1978, -529009.9867, -1855.163501
376, -1992, -530963.1117, -1862.012836
377, -1727, -532916.2367, -1868.862170
378, -1504, -534869.3617, -1875.711504
379, -1564, -536822.4867, -1882.560838
380, -1734, -538775.6117, -1889.410173
381, -1653, -540728.7367, -1896.259507
382, -1246, -542681.8617, -1903.108841
383, -809, -544634.9867, -1909.958175
384, -608, -546588.1117, -1916.807509
385, -583, -548541.2367, -1923.656844
386, -536, -550494.3617, -1930.506178
387, -475, -552447.4867, -1937.355512
388, -576, -554400.6117, -1944.204846
389, -864, -556353.7367, -1951.054181
390, -1098, -558306.8617, -1957.903515
391, -1048, -560259.9867, -1964.752849
392, -782, -562213.1117, -1971.602183
393, -595, -564166.2367, -1978.451518
394, -683, -566119.3617, -1985.300852
395, -978, -568072.4867, -1992.150186
396, -1266, -570025.6117, -1998.999520
397, -1394, -571978.7367, -2005.848855
398, -1354, -573931.8617, -2012.698189
399, -1237, -575884.9867, -2019.547523
400, -1143, -577838.1117, -2026.396857
401, -1117, -579791.2367, -2033.246192
402, -1131, -581744.3617, -2040.095526
403, -1141, -583697.4867, -2046.944860
404, -1149, -585650.6117, -2053.794194
405, -1194, -587603.7367, -2060.643528
406, -1270, -589556.8617, -2067.492863
407, -1300, -591509.9867, -2074.342197
408, -1225, -593463.1117, -2081.191531
409, -1099, -595416.2367, -2088.040865
410, -1050, -597369.3617, -2094.890200
411, -1159, -599322.4867, -2101.739534
412, -1385, -601275.6117, -2108.588868
413, -1613, -603228.7367, -2115.438202
414, -1718, -605181.8617, -2122.287537
415, -1619, -607134.9867, -2129.136871
416, -1335, -609088.1117, -2135.986205
417, -1018, -611041.2367, -2142.835539
418, -861, -612994.3617, -2149.684874
419, -923, -614947.4867, -2156.534208
420, -1065, -616900.6117, -2163.383542
421, -1122, -618853.7367, -2170.232876
422, -1112, -620806.8617, -2177.082210
423, -1185, -622759.9867, -2183.931545
424, -1370, -624713.1117, -2190.780879
425, -1483, -626666.2367, -2197.630213
426, -1345, -628619.3617, -2204.479547
427, -1024, -630572.4867, -2211.328882
428, -755, -632525.6117, -2218.178216
429, -649, -634478.7367, -2225.027550
430, -593, -636431.8617, -2231.876884
431, -460, -638384.9867, -2238.726219
432, -303, -640338.1117, -2245.575553
433, -271, -642291.2367, -2252.424887
434, -395, -644244.3617, -2259.274221
435, -561, -646197.4867, -2266.123556
436, -672, -648150.6117, -2272.972890
437, -727, -650103.7367, -2279.822224
438, -744, -652056.8617, -2286.671558
439, -698, -654009.9867, -2293.520893
440, -602, -655963.1117, -2300.370227
441, -558, -657916.2367, -2307.219561
442, -657, -659869.3617, -2314.068895
443, -851, -661822.4867, -2320.918229
444, -1008, -663775.6117, -2327.767564
445, -1077, -665728.7367, -2334.616898
446, -1100, -667681.8617, -2341.466232
447, -1067, -669634.9867, -2348.315566
448, -893, -671588.1117, -2355.164901
449, -579, -673541.2367, -2362.014235
450, -324, -675494.3617, -2368.863569
451, -334, -677447.4867, -2375.712903
452, -569, -679400.6117, -2382.562238
453, -772, -681353.7367, -2389.411572
454, -776, -683306.8617, -2396.260906
455, -671, -685259.9867, -2403.110240
456, -629, -687213.1117, -2409.959575
457, -666, -689166.2367, -2416.808909
458, -667, -691119.3617, -2423.658243
459, -594, -693072.4867, -2430.507577
460, -536, -695025.6117, -2437.356911
461, -552, -696978.7367, -2444.206246
462, -572, -698931.8617, -2451.055580
463, -513, -700884.9867, -2457.904914
464, -417, -702838.1117, -2464.754248
465, -387, -704791.2367, -2471.603583
466, -417, -706744.3617, -2478.452917
467, -379, -708697.4867, -2485.302251
468, -191, -710650.6117, -2492.151585
469, 36, -712603.7367, -2499.000920
470, 84, -714556.8617, -2505.850254
471, -169, -716509.9867, -2512.699588
472, -610, -718463.1117, -2519.548922
473, -972, -720416.2367, -2526.398257
474, -1037, -722369.3617, -2533.247591
475, -807, -724322.4867, -2540.096925
476, -494, -726275.6117, -2546.946259
477, -312, -728228.7367, -2553.795594
478, -273, -730181.8617, -2560.644928
479, -222, -732134.9867, -2567.494262
480, -70, -734088.1117, -2574.343596
481, 46, -736041.2367, -2581.192930
482, -94, -737994.3617, -2588.042265
483, -495, -739947.4867, -2594.891599
484, -884, -741900.6117, -2601.740933
485, -984, -743853.7367, -2608.590267
486, -810, -745806.8617, -2615.439602
487, -631, -747759.9867, -2622.288936
488, -652, -749713.1117, -2629.138270
489, -792, -751666.2367, -2635.987604
490, -818, -753619.3617, -2642.836939
491, -643, -755572.4867, -2649.686273
492, -426, -757525.6117, -2656.535607
493, -352, -759478.7367, -2663.384941
494, -400, -761431.8617, -2670.234276
495, -372, -763384.9867, -2677.083610
496, -160, -765338.1117, -2683.932944
497, 95, -767291.2367, -2690.782278
498, 150, -769244.3617, -2697.631612
499, -72, -771197.4867, -2704.480947
500, -411, -773150.6117, -2711.330281
501, -646, -775103.7367, -2718.179615
502, -686, -777056.8617, -2725.028949
503, -567, -779009.9867, -2731.878284
504, -358, -780963.1117, -2738.727618
505, -139, -782916.2367, -2745.576952
506, -40, -784869.3617, -2752.426286
507, -172, -786822.4867, -2759.275621
508, -497, -788775.6117, -2766.124955
509, -809, -790728.7367, -2772.974289
510, -900, -792681.8617, -2779.823623
511, -733, -794634.9867, -2786.672958
512, -424, -796588.1117, -2793.522292
513, -102, -798541.2367, -2800.371626
514, 138, -800494.3617, -2807.220960
515, 209, -802447.4867, -2814.070295
516, 47, -804400.6117, -2820.919629
517, -300, -806353.7367, -2827.768963
518, -665, -808306.8617, -2834.618297
519, -882, -810259.9867, -2841.467631
520, -891, -812213.1117, -2848.316966
521, -708, -814166.2367, -2855.166300
522, -374, -816119.3617, -2862.015634
523, 14, -818072.4867, -2868.864968
524, 276, -820025.6117, -2875.714303
525, 255, -821978.7367, -2882.563637
526, -14, -823931.8617, -2889.412971
527, -317, -825884.9867, -2896.262305
528, -477, -827838.1117, -2903.111640
529, -516, -829791.2367, -2909.960974
530, -568, -831744.3617, -2916.810308
531, -691, -833697.4867, -2923.659642
532, -803, -835650.6117, -2930.508977
533, -796, -837603.7367, -2937.358311
534, -651, -839556.8617, -2944.207645
535, -444, -841509.9867, -2951.056979
536, -278, -843463.1117, -2957.906314
537, -201, -845416.2367, -2964.755648
538, -174, -847369.3617, -2971.604982
539, -120, -849322.4867, -2978.454316
540, -40, -851275.6117, -2985.303650
541, -36, -853228.7367, -2992.152985
542, -180, -855181.8617, -2999.002319
543, -383, -857134.9867, -3005.851653
544, -478, -859088.1117, -3012.700987
545, -441, -861041.2367, -3019.550322
546, -447, -862994.3617, -3026.399656
547, -622, -864947.4867, -3033.248990
548, -840, -866900.6117, -3040.098324
549, -868, -868853.7367, -3046.947659
550, -666, -870806.8617, -3053.796993
551, -440, -872759.9867, -3060.646327
552, -370, -874713.1117, -3067.495661
553, -422, -876666.2367, -3074.344996
554, -465, -878619.3617, -3081.194330
555, -455, -880572.4867, -3088.043664
556, -417, -882525.6117, -3094.892998
557, -320, -884478.7367, -3101.742332
558, -115, -886431.8617, -3108.591667
559, 106, -888384.9867, -3115.441001
560, 136, -890338.1117, -3122.290335
561, -103, -892291.2367, -3129.139669
562, -433, -894244.3617, -3135.989004
563, -584, -896197.4867, -3142.838338
564, -451, -898150.6117, -3149.687672
565, -141, -900103.7367, -3156.537006
566, 160, -902056.8617, -3163.386341
567, 316, -904009.9867, -3170.235675
568, 287, -905963.1117, -3177.085009
569, 137, -907916.2367, -3183.934343
570, 14, -909869.3617, -3190.783678
571, 20, -911822.4867, -3197.633012
572, 81, -913775.6117, -3204.482346
573, 20, -915728.7367, -3211.331680
574, -228, -917681.8617, -3218.181015
575, -527, -919634.9867, -3225.030349
576, -705, -921588.1117, -3231.879683
577, -740, -923541.2367, -3238.729017
578, -730, -925494.3617, -3245.578351
579, -721, -927447.4867, -3252.427686
580, -652, -929400.6117, -3259.277020
581, -479, -931353.7367, -3266.126354
582, -281, -933306.8617, -3272.975688
583, -209, -935259.9867, -3279.825023
584, -346, -937213.1117, -3286.674357
585, -628, -939166.2367, -3293.523691
586, -873, -941119.3617, -3300.373025
587, -912, -943072.4867, -3307.222360
588, -740, -945025.6117, -3314.071694
589, -547, -946978.7367, -3320.921028
590, -557, -948931.8617, -3327.770362
591, -786, -950884.9867, -3334.619697
592, -1013, -952838.1117, -3341.469031
593, -1010, -954791.2367, -3348.318365
594, -751, -956744.3617, -3355.167699
595, -381, -958697.4867, -3362.017033
596, -27, -960650.6117, -3368.866368
597, 260, -962603.7367, -3375.715702
598, 422, -964556.8617, -3382.565036
599, 397, -966509.9867, -3389.414370
600, 224, -968463.1117, -3396.263705
601, 64, -970416.2367, -3403.113039
602, 35, -972369.3617, -3409.962373
603, 90, -974322.4867, -3416.811707
604, 114, -976275.6117, -3423.661042
605, 82, -978228.7367, -3430.510376
606, 58, -980181.8617, -3437.359710
607, 57, -982134.9867, -3444.209044
608, 29, -984088.1117, -3451.058379
609, -30, -986041.2367, -3457.907713
610, -50, -987994.3617, -3464.757047
611, -4, -989947.4867, -3471.606381
612, 11, -991900.6117, -3478.455716
613, -104, -993853.7367, -3485.305050
614, -321, -995806.8617, -3492.154384
615, -519, -997759.9867, -3499.003718
616, -614, -999713.1117, -3505.853052
617, -586, -1001666.2367, -3512.702387
618, -425, -1003619.3617, -3519.551721
619, -143, -1005572.4867, -3526.401055
620, 152, -1007525.6117, -3533.250389
621, 296, -1009478.7367, -3540.099724
622, 238, -1011431.8617, -3546.949058
623, 118, -1013384.9867, -3553.798392
624, 121, -1015338.1117, -3560.647726
625, 274, -1017291.2367, -3567.497061
626, 431, -1019244.3617, -3574.346395
627, 423, -1021197.4867, -3581.195729
628, 191, -1023150.6117, -3588.045063
629, -184, -1025103.7367, -3594.894398
630, -532, -1027056.8617, -3601.743732
631, -671, -1029009.9867, -3608.593066
632, -540, -1030963.1117, -3615.442400
633, -262, -1032916.2367, -3622.291734
634, -59, -1034869.3617, -3629.141069
635, -69, -1036822.4867, -3635.990403
636, -279, -1038775.6117, -3642.839737
637, -602, -1040728.7367, -3649.689071
638, -933, -1042681.8617, -3656.538406
639, -1127, -1044634.9867, -3663.387740
640, -1022, -1046588.1117, -3670.237074
641, -592, -1048541.2367, -3677.086408
642, -59, -1050494.3617, -3683.935743
643, 261, -1052447.4867, -3690.785077
644, 232, -1054400.6117, -3697.634411
645, -11, -1056353.7367, -3704.483745
646, -252, -1058306.8617, -3711.333080
647, -391, -1060259.9867, -3718.182414
648, -457, -1062213.1117, -3725.031748
649, -484, -1064166.2367, -3731.881082
650, -470, -1066119.3617, -3738.730417
651, -407, -1068072.4867, -3745.579751
652, -316, -1070025.6117, -3752.429085
653, -227, -1071978.7367, -3759.278419
654, -174, -1073931.8617, -3766.127753
655, -179, -1075884.9867, -3772.977088
656, -218, -1077838.1117, -3779.826422
657, -208, -1079791.2367, -3786.675756
658, -99, -1081744.3617, -3793.525090
659, 30, -1083697.4867, -3800.374425
660, 20, -1085650.6117, -3807.223759
661, -189, -1087603.7367, -3814.073093
662, -469, -1089556.8617, -3820.922427
663, -614, -1091509.9867, -3827.771762
664, -526, -1093463.1117, -3834.621096
665, -261, -1095416.2367, -3841.470430
666, 44, -1097369.3617, -3848.319764
667, 255, -1099322.4867, -3855.169099
668, 284, -1101275.6117, -3862.018433
669, 129, -1103228.7367, -3868.867767
670, -119, -1105181.8617, -3875.717101
671, -338, -1107134.9867, -3882.566435
672, -448, -1109088.1117, -3889.415770
673, -434, -1111041.2367, -3896.265104
674, -312, -1112994.3617, -3903.114438
675, -139, -1114947.4867, -3909.963772
676, -6, -1116900.6117, -3916.813107
677, 25, -1118853.7367, -3923.662441
678, 16, -1120806.8617, -3930.511775
679, 86, -1122759.9867, -3937.361109
680, 232, -1124713.1117, -3944.210444
681, 301, -1126666.2367, -3951.059778
682, 189, -1128619.3617, -3957.909112
683, 3, -1130572.4867, -3964.758446
684, -76, -1132525.6117, -3971.607781
685, -31, -1134478.7367, -3978.457115
686, -18, -1136431.8617, -3985.306449
687, -108, -1138384.9867, -3992.155783
688, -175, -1140338.1117, -3999.005118
689, -87, -1142291.2367, -4005.854452
690, 104, -1144244.3617, -4012.703786
691, 229, -1146197.4867, -4019.553120
692, 214, -1148150.6117, -4026.402454
693, 123, -1150103.7367, -4033.251789
694, 42, -1152056.8617, -4040.101123
695, 24, -1154009.9867, -4046.950457
696, 110, -1155963.1117, -4053.799791
697, 297, -1157916.2367, -4060.649126
698, 468, -1159869.3617, -4067.498460
699, 482, -1161822.4867, -4074.347794
700, 373, -1163775.6117, -4081.197128
701, 334, -1165728.7367, -4088.046463
702, 463, -1167681.8617, -4094.895797
703, 607, -1169634.9867, -4101.745131
704, 580, -1171588.1117, -4108.594465
705, 425, -1173541.2367, -4115.443800
706, 332, -1175494.3617, -4122.293134
707, 349, -1177447.4867, -4129.142468
708, 349, -1179400.6117, -4135.991802
709, 284, -1181353.7367, -4142.841137
710, 269, -1183306.8617, -4149.690471
711, 359, -1185259.9867, -4156.539805
712, 415, -1187213.1117, -4163.389139
713, 342, -1189166.2367, -4170.238473
714, 308, -1191119.3617, -4177.087808
715, 526, -1193072.4867, -4183.937142
716, 857, -1195025.6117, -4190.786476
717, 904, -1196978.7367, -4197.635810
718, 544, -1198931.8617, -4204.485145
719, 140, -1200884.9867, -4211.334479
720, 89, -1202838.1117, -4218.183813
721, 304, -1204791.2367, -4225.033147
722, 361, -1206744.3617, -4231.882482
723, 84, -1208697.4867, -4238.731816
724, -259, -1210650.6117, -4245.581150
725, -360, -1212603.7367, -4252.430484
726, -260, -1214556.8617, -4259.279819
727, -201, -1216509.9867, -4266.129153
728, -237, -1218463.1117, -4272.978487
729, -196, -1220416.2367, -4279.827821
730, 25, -1222369.3617, -4286.677155
731, 293, -1224322.4867, -4293.526490
732, 419, -1226275.6117, -4300.375824
733, 377, -1228228.7367, -4307.225158
734, 269, -1230181.8617, -4314.074492
735, 154, -1232134.9867, -4320.923827
736, 8, -1234088.1117, -4327.773161
737, -162, -1236041.2367, -4334.622495
738, -272, -1237994.3617, -4341.471829
739, -258, -1239947.4867, -4348.321164
740, -171, -1241900.6117, -4355.170498
741, -127, -1243853.7367, -4362.019832
742, -181, -1245806.8617, -4368.869166
743, -261, -1247759.9867, -4375.718501
744, -232, -1249713.1117, -4382.567835
745, -18, -1251666.2367, -4389.417169
746, 322, -1253619.3617, -4396.266503
747, 612, -1255572.4867, -4403.115838
748, 658, -1257525.6117, -4409.965172
749, 386, -1259478.7367, -4416.814506
750, -74, -1261431.8617, -4423.663840
751, -443, -1263384.9867, -4430.513174
752, -496, -1265338.1117, -4437.362509
753, -253, -1267291.2367, -4444.211843
754, 38, -1269244.3617, -4451.061177
755, 142, -1271197.4867, -4457.910511
756, 57, -1273150.6117, -4464.759846
757, -29, -1275103.7367, -4471.609180
758, 15, -1277056.8617, -4478.458514
759, 121, -1279009.9867, -4485.307848
760, 155, -1280963.1117, -4492.157183
761, 110, -1282916.2367, -4499.006517
762, 93, -1284869.3617, -4505.855851
763, 143, -1286822.4867, -4512.705185
764, 179, -1288775.6117, -4519.554520
765, 140, -1290728.7367, -4526.403854
766, 82, -1292681.8617, -4533.253188
767, 80, -1294634.9867, -4540.102522
768, 91, -1296588.1117, -4546.951856
769, 18, -1298541.2367, -4553.801191
770, -132, -1300494.3617, -4560.650525
771, -227, -1302447.4867, -4567.499859
772, -172, -1304400.6117, -4574.349193
773, -4, -1306353.7367, -4581.198528
774, 200, -1308306.8617, -4588.047862
775, 399, -1310259.9867, -4594.897196
776, 550, -1312213.1117, -4601.746530
777, 555, -1314166.2367, -4608.595865
778, 359, -1316119.3617, -4615.445199
779, 74, -1318072.4867, -4622.294533
780, -103, -1320025.6117, -4629.143867
781, -110, -1321978.7367, -4635.993202
782, -80, -1323931.8617, -4642.842536
783, -143, -1325884.9867, -4649.691870
784, -246, -1327838.1117, -4656.541204
785, -234, -1329791.2367, -4663.390539
786, -80, -1331744.3617, -4670.239873
787, 76, -1333697.4867, -4677.089207
788, 105, -1335650.6117, -4683.938541
789, 60, -1337603.7367, -4690.787875
790, 109, -1339556.8617, -4697.637210
791, 334, -1341509.9867, -4704.486544
792, 615, -1343463.1117, -4711.335878
793, 736, -1345416.2367, -4718.185212
794, 599, -1347369.3617, -4725.034547
795, 335, -1349322.4867, -4731.883881
796, 178, -1351275.6117, -4738.733215
797, 207, -1353228.7367, -4745.582549
798, 256, -1355181.8617, -4752.431884
799, 123, -1357134.9867, -4759.281218
800, -143, -1359088.1117, -4766.130552
801, -263, -1361041.2367, -4772.979886
802, -74, -1362994.3617, -4779.829221
803, 243, -1364947.4867, -4786.678555
804, 350, -1366900.6117, -4793.527889
805, 154, -1368853.7367, -4800.377223
806, -102, -1370806.8617, -4807.226557
807, -145, -1372759.9867, -4814.075892
808, 33, -1374713.1117, -4820.925226
809, 233, -1376666.2367, -4827.774560
810, 331, -1378619.3617, -4834.623894
811, 388, -1380572.4867, -4841.473229
812, 492, -1382525.6117, -4848.322563
813, 617, -1384478.7367, -4855.171897
814, 663, -1386431.8617, -4862.021231
815, 595, -1388384.9867, -4868.870566
816, 468, -1390338.1117, -4875.719900
817, 353, -1392291.2367, -4882.569234
818, 283, -1394244.3617, -4889.418568
819, 276, -1396197.4867, -4896.267903
820, 353, -1398150.6117, -4903.117237
821, 513, -1400103.7367, -4909.966571
822, 697, -1402056.8617, -4916.815905
823, 801, -1404009.9867, -4923.665240
824, 751, -1405963.1117, -4930.514574
825, 553, -1407916.2367, -4937.363908
826, 286, -1409869.3617, -4944.213242
827, 56, -1411822.4867, -4951.062576
828, -42, -1413775.6117, -4957.911911
829, 64, -1415728.7367, -4964.761245
830, 387, -1417681.8617, -4971.610579
831, 822, -1419634.9867, -4978.459913
832, 1137, -1421588.1117, -4985.309248
833, 1102, -1423541.2367, -4992.158582
834, 688, -1425494.3617, -4999.007916
835, 129, -1427447.4867, -5005.857250
836, -253, -1429400.6117, -5012.706585
837, -303, -1431353.7367, -5019.555919
838, -119, -1433306.8617, -5026.405253
839, 97, -1435259.9867, -5033.254587
840, 210, -1437213.1117, -5040.103922
841, 200, -1439166.2367, -5046.953256
842, 112, -1441119.3617, -5053.802590
843, 24, -1443072.4867, -5060.651924
844, 22, -1445025.6117, -5067.501258
845, 137, -1446978.7367, -5074.350593
846, 293, -1448931.8617, -5081.199927
847, 357, -1450884.9867, -5088.049261
848, 268, -1452838.1117, -5094.898595
849, 91, -1454791.2367, -5101.747930
850, -63, -1456744.3617, -5108.597264
851, -131, -1458697.4867, -5115.446598
852, -106, -1460650.6117, -5122.295932
853, -12, -1462603.7367, -5129.145267
854, 96, -1464556.8617, -5135.994601
855, 140, -1466509.9867, -5142.843935
856, 96, -1468463.1117, -5149.693269
857, 78, -1470416.2367, -5156.542604
858, 265, -1472369.3617, -5163.391938
859, 705, -1474322.4867, -5170.241272
860, 1192, -1476275.6117, -5177.090606
861, 1408, -1478228.7367, -5183.939941
862, 1195, -1480181.8617, -5190.789275
863, 703, -1482134.9867, -5197.638609
864, 251, -1484088.1117, -5204.487943
865, 58, -1486041.2367, -5211.337277
866, 94, -1487994.3617, -5218.186612
867, 185, -1489947.4867, -5225.035946
868, 221, -1491900.6117, -5231.885280
869, 241, -1493853.7367, -5238.734614
870, 313, -1495806.8617, -5245.583949
871, 392, -1497759.9867, -5252.433283
872, 364, -1499713.1117, -5259.282617
873, 219, -1501666.2367, -5266.131951
874, 93, -1503619.3617, -5272.981286
875, 106, -1505572.4867, -5279.830620
876, 215, -1507525.6117, -5286.679954
877, 297, -1509478.7367, -5293.529288
878, 333, -1511431.8617, -5300.378623
879, 408, -1513384.9867, -5307.227957
880, 526, -1515338.1117, -5314.077291
881, 557, -1517291.2367, -5320.926625
882, 432, -1519244.3617, -5327.775960
883, 289, -1521197.4867, -5334.625294
884, 305, -1523150.6117, -5341.474628
885, 430, -1525103.7367, -5348.323962
886, 436, -1527056.8617, -5355.173296
887, 249, -1529009.9867, -5362.022631
888, 101, -1530963.1117, -5368.871965
889, 230, -1532916.2367, -5375.721299
890, 539, -1534869.3617, -5382.570633
891, 680, -1536822.4867, -5389.419968
892, 484, -1538775.6117, -5396.269302
893, 162, -1540728.7367, -5403.118636
894, 27, -1542681.8617, -5409.967970
895, 129, -1544634.9867, -5416.817305
896, 260, -1546588.1117, -5423.666639
897, 282, -1548541.2367, -5430.515973
898, 303, -1550494.3617, -5437.365307
899, 488, -1552447.4867, -5444.214642
900, 792, -1554400.6117, -5451.063976
901, 967, -1556353.7367, -5457.913310
902, 856, -1558306.8617, -5464.762644
903, 580, -1560259.9867, -5471.611978
904, 399, -1562213.1117, -5478.461313
905, 425, -1564166.2367, -5485.310647
906, 534, -1566119.3617, -5492.159981
907, 556, -1568072.4867, -5499.009315
908, 510, -1570025.6117, -5505.858650
909, 586, -1571978.7367, -5512.707984
910, 912, -1573931.8617, -5519.557318
911, 1400, -1575884.9867, -5526.406652
912, 1825, -1577838.1117, -5533.255987
913, 2032, -1579791.2367, -5540.105321
914, 2035, -1581744.3617, -5546.954655
915, 1980, -1583697.4867, -5553.803989
916, 2056, -1585650.6117, -5560.653324
917, 2404, -1587603.7367, -5567.502658
918, 3030, -1589556.8617, -5574.351992
919, 3774, -1591509.9867, -5581.201326
920, 4392, -1593463.1117, -5588.050661
921, 4726, -1595416.2367, -5594.899995
922, 4776, -1597369.3617, -5601.749329
923, 4605, -1599322.4867, -5608.598663
924, 4238, -1601275.6117, -5615.447997
925, 3687, -1603228.7367, -5622.297332
926, 3045, -1605181.8617, -5629.146666
927, 2463, -1607134.9867, -5635.996000
928, 2035, -1609088.1117, -5642.845334
929, 1736, -1611041.2367, -5649.694669
930, 1501, -1612994.3617, -5656.544003
931, 1308, -1614947.4867, -5663.393337
932, 1166, -1616900.6117, -5670.242671
933, 1069, -1618853.7367, -5677.092006
934, 1014, -1620806.8617, -5683.941340
935, 1020, -1622759.9867, -5690.790674
936, 1084, -1624713.1117, -5697.640008
937, 1116, -1626666.2367, -5704.489343
938, 1004, -1628619.3617, -5711.338677
939, 739, -1630572.4867, -5718.188011
940, 435, -1632525.6117, -5725.037345
941, 207, -1634478.7367, -5731.886679
942, 65, -1636431.8617, -5738.736014
943, -42, -1638384.9867, -5745.585348
944, -134, -1640338.1117, -5752.434682
945, -206, -1642291.2367, -5759.284016
946, -284, -1644244.3617, -5766.133351
947, -408, -1646197.4867, -5772.982685
948, -556, -1648150.6117, -5779.832019
949, -629, -1650103.7367, -5786.681353
950, -541, -1652056.8617, -5793.530688
951, -314, -1654009.9867, -5800.380022
952, -69, -1655963.1117, -5807.229356
953, 63, -1657916.2367, -5814.078690
954, 32, -1659869.3617, -5820.928025
955, -92, -1661822.4867, -5827.777359
956, -159, -1663775.6117, -5834.626693
957, -65, -1665728.7367, -5841.476027
958, 145, -1667681.8617, -5848.325362
959, 315, -1669634.9867, -5855.174696
960, 348, -1671588.1117, -5862.024030
961, 311, -1673541.2367, -5868.873364
962, 340, -1675494.3617, -5875.722698
963, 478, -1677447.4867, -5882.572033
964, 651, -1679400.6117, -5889.421367
965, 776, -1681353.7367, -5896.270701
966, 836, -1683306.8617, -5903.120035
967, 839, -1685259.9867, -5909.969370
968, 777, -1687213.1117, -5916.818704
969, 662, -1689166.2367, -5923.668038
970, 541, -1691119.3617, -5930.517372
971, 455, -1693072.4867, -5937.366707
972, 404, -1695025.6117, -5944.216041
973, 383, -1696978.7367, -5951.065375
974, 417, -1698931.8617, -5957.914709
975, 496, -1700884.9867, -5964.764044
976, 532, -1702838.1117, -5971.613378
977, 450, -1704791.2367, -5978.462712
978, 310, -1706744.3617, -5985.312046
979, 261, -1708697.4867, -5992.161380
980, 340, -1710650.6117, -5999.010715
981, 427, -1712603.7367, -6005.860049
982, 412, -1714556.8617, -6012.709383
983, 343, -1716509.9867, -6019.558717
984, 314, -1718463.1117, -6026.408052
985, 290, -1720416.2367, -6033.257386
986, 165, -1722369.3617, -6040.106720
987, -31, -1724322.4867, -6046.956054
988, -114, -1726275.6117, -6053.805389
989, 19, -1728228.7367, -6060.654723
990, 231, -1730181.8617, -6067.504057
991, 312, -1732134.9867, -6074.353391
992, 226, -1734088.1117, -6081.202726
993, 113, -1736041.2367, -6088.052060
994, 68, -1737994.3617, -6094.901394
995, 41, -1739947.4867, -6101.750728
996, -38, -1741900.6117, -6108.600063
997, -126, -1743853.7367, -6115.449397
998, -116, -1745806.8617, -6122.298731
999, 3, -1747759.9867, -6129.148065
1000, 102, -1749713.1117, -6135.997399
1001, 41, -1751666.2367, -6142.846734
1002, -193, -1753619.3617, -6149.696068
1003, -465, -1755572.4867, -6156.545402
1004, -607, -1757525.6117, -6163.394736
1005, -581, -1759478.7367, -6170.244071
1006, -510, -1761431.8617, -6177.093405
1007, -532, -1763384.9867, -6183.942739
1008, -623, -1765338.1117, -6190.792073
1009, -604, -1767291.2367, -6197.641408
1010, -363, -1769244.3617, -6204.490742
1011, 5, -1771197.4867, -6211.340076
1012, 313, -1773150.6117, -6218.189410
1013, 486, -1775103.7367, -6225.038745
1014, 568, -1777056.8617, -6231.888079
1015, 556, -1779009.9867, -6238.737413
1016, 363, -1780963.1117, -6245.586747
1017, -2, -1782916.2367, -6252.436082
1018, -346, -1784869.3617, -6259.285416
1019, -471, -1786822.4867, -6266.134750
1020, -401, -1788775.6117, -6272.984084
1021, -317, -1790728.7367, -6279.833418
1022, -291, -1792681.8617, -6286.682753
1023, -208, -1794634.9867, -6293.532087
1024, 22, -1796588.1117, -6300.381421
